5629618
5622954
5617752
5613536
5610884
5608538
5607620
5606430
5605954
5605852
5606532
5606328
5606226
5606532
5606702
5607484
5607178
5607484
5608130
5609558
5611054
5612482
5613740
5615848
5617854
5620098
5622104
5625300
5628360
5632848
5637880
5642096
5647740
5652024
5655356
5655050
5652602
5647128
5643354
5638764
5634718
5632032
5630570
5630026
5631148
5633188
5634854
5638492
5640226
5642368
5644136
5645428
5645972
5647366
5648216
5648488
5651004
5651752
5654404
5658382
5660558
5663856
5666814
5670112
5674838
5679156
5683508
5687758
5691906
5696292
5700134
5703976
5708022
5710504
5707988
5703330
5697652
5691532
5684630
5677932
5672628
5667562
5663040
5659708
5656954
5656172
5654608
5653962
5653554
5652670
5653078
5651378
5650494
5650494
5649882
5649984
5649848
5650120
5650664
5651548
5653418
5654132
5655560
5656444
5657430
5659980
5661374
5662564
5664842
5666848
5668820
5670418
5668616
5663278
5655832
5647910
5639546
5632066
5624382
5617922
5612992
5608198
5605308
5602996
5601874
5601534
5600174
5600480
5599494
5599018
5598950
5598542
5598508
5598984
5599528
5600582
5600514
5601636
5602724
5604696
5605444
5605954
5608164
5609456
5611122
5612652
5614624
5616732
5619248
5620506
5622478
5619146
5613638
5605988
5598746
5591640
5585316
5580488
5576136
5573586
5571886
5571308
5571512
5571920
5571614
5571342
5571648
5570730
5571410
5571002
5572838
5573178
5573654
5575082
5576034
5577360
5579094
5580658
5581882
5583446
5584840
5585996
5587798
5589396
5591470
5592150
5594258
5595176
5596264
5594190
5589090
5580386
5571070
5562842
5556348
5546352
5539484
5534146
5528910
5525306
5523946
5522518
5520852
5521056
5520852
5519866
5518914
5518472
5518778
5518302
5517690
5517792
5517962
5518302
5519288
5520512
5521158
5523504
5524490
5526156
5527652
5528774
5531256
5533772
5535608
5537138
5538940
5535744
5529182
5519968
5510686
5501370
5492496
5484268
5476754
5470328
5465874
5462712
5459958
5459346
5458938
5458394
5457986
5458564
5458156
5458496
5458836
5459652
5459856
5460604
5461828
5464446
5465874
5468730
5471790
5474748
5477230
5480460
5483146
5487940
5489266
5492734
5495590
5499024
5502390
5501948
5497698
5491034
5482160
5474850
5466928
5459448
5453668
5449622
5446630
5444522
5444488
5443740
5444250
5444930
5446120
5447310
5447888
5448636
5449520
5450166
5452512
5453736
5455436
5458156
5459618
5461386
5463766
5465908
5468016
5470600
5472096
5474850
5477400
5480154
5482466
5485084
5488756
5489946
5488688
5482500
5476006
5468560
5461454
5455504
5452240
5449214
5449724
5448092
5448772
5449044
5451356
5451968
5452886
5454110
5454790
5458088
5459992
5459584
5461148
5463732
5465500
5467642
5469546
5472130
5474646
5477230
5480120
5482296
5485526
5488212
5490626
5493856
5497630
5501574
5503376
5506164
5502900
5497120
5490116
5481786
5474578
5467846
5461284
5456354
5452954
5449996
5448364
5447616
5448466
5449452
5450370
5450914
5451560
5452818
5453532
5455436
5455742
5458972
5459822
5462134
5464378
5467404
5469410
5471654
5474204
5476992
5479746
5483078
5486172
5488042
5491816
5494876
5498140
5498276
5495284
5488858
5481888
5474476
5467574
5461114
5455402
5451764
5448602
5447752
5446970
5448296
5449112
5450948
5451832
5453838
5455266
5458258
5459482
5461658
5464106
5465534
5468628
5471620
5473898
5476686
5479610
5483860
5485968
5490660
5492564
5496032
5499194
5503172
5506164
5509530
5513542
5517078
5518302
5515548
5511162
5505790
5500724
5497426
5493822
5492428
5492122
5493652
5494094
5496916
5498480
5501268
5503172
5505314
5507218
5509598
5510958
5513610
5515480
5517622
5519832
5522416
5525612
5529046
5530100
5532922
5535812
5539348
5541524
5544958
5549684
5551860
5554954
5557946
5562298
5564780
5565732
5563046
5558830
5553322
5548426
5543632
5539280
5535948
5534214
5533466
5533976
5534724
5536152
5537750
5538872
5540572
5543224
5544652
5546488
5548460
5550058
5552098
5554614
5556280
5558864
5561788
5564236
5566684
5569200
5572260
5575014
5577496
5580828
5583718
5587220
5590450
5592558
5594972
5594564
5590824
5585860
5579298
5573076
5567262
5562400
5558014
5554342
5552166
5551044
5550738
5552200
5552710
5554308
5555260
5557368
5557946
5560462
5561482
5562638
5563964
5566582
5568384
5571852
5573824
5575660
5578720
5580964
5583684
5587424
5589770
5593034
5595754
5598780
5601908
5605002
5607960
5608742
5604730
5599494
5594054
5588342
5583038
5578992
5575762
5572736
5571070
5571342
5571410
5573042
5574198
5576136
5577734
5579094
5579468
5581746
5583718
5584500
5587118
5588478
5591742
5593442
5596366
5598950
5601194
5604084
5606634
5609388
5612006
5615644
5618126
5620880
5623600
5626048
5629142
5629584
5627510
5622342
5618194
5614420
5609898
5607076
5605172
5605240
5604968
5606328
5606702
5609082
5610272
5611224
5612754
5613944
5614556
5616698
5617650
5619316
5620812
5622614
5624484
5627238
5629482
5631556
5633630
5636078
5638866
5641280
5643048
5645666
5648182
5650528
5653520
5656138
5657736
5657362
5653146
5649134
5641790
5635466
5628972
5624008
5619078
5615100
5612312
5610102
5609558
5609524
5610000
5609898
5610034
5610136
5610986
5611224
5611122
5612278
5613162
5614624
5615134
5616698
5617820
5620132
5621424
5623396
5626184
5628360
5630434
5632576
5635296
5637438
5639784
5642232
5643082
5640192
5633664
5626796
5619010
5611836
5604492
5598270
5592762
5588614
5585418
5583786
5582868
5582086
5581950
5583242
5583310
5583990
5584262
5585112
5585826
5587118
5588444
5588954
5590790
5592830
5594156
5596094
5597794
5599834
5601806
5604152
5606158
5608504
5610510
5613706
5615814
5618500
5620336
5618840
5614182
5607722
5600786
5595210
5589226
5584738
5580352
5578788
5577836
5577258
5578414
5578516
5579910
5580658
5581780
5582086
5584126
5583446
5585112
5585996
5587356
5588240
5590144
5591130
5593272
5595924
5597386
5599664
5600854
5604016
5605988
5607960
5610306
5613264
5615508
5617854
5620234
5619350
5614998
5608368
5601670
5594598
5587458
5582664
5578550
5575286
5573790
5573178
5573348
5575626
5574062
5574776
5575286
5575830
5575864
5576578
5577088
5577666
5578856
5579876
5581202
5583038
5584194
5586268
5587934
5590552
5592660
5594496
5596842
5599052
5601670
5603268
5605784
5607926
5608606
5607314
5600174
5592796
5584024
5575524
5566956
5559238
5552506
5546760
5540912
5537274
5536050
5533704
5532582
5531596
5531596
5530440
5530032
5530100
5529352
5528910
5529488
5529964
5530406
5531596
5532276
5533738
5535268
5537648
5538702
5541048
5542612
5545094
5547712
5549888
5552642
5555498
5556926
5553288
5546386
5537240
5529998
5520002
5512318
5504396
5498344
5493788
5489946
5487702
5486614
5486852
5486580
5487906
5487396
5487362
5487532
5488348
5488144
5489028
5489300
5490422
5490864
5491578
5493618
5495488
5497868
5499772
5501744
5503988
5506504
5509802
5512080
5514188
5516806
5519934
5522416
5522382
5518370
5511434
5503376
5496236
5488450
5484200
5478862
5475564
5475394
5473762
5474476
5474680
5474986
5476108
5476788
5476890
5477910
5478522
5479338
5480290
5481072
5482330
5483928
5485492
5487396
5489266
5490796
5493550
5495114
5497494
5500112
5502016
5505110
5507388
5509904
5513746
5515174
5517622
5515582
5510686
5503648
5495828
5489334
5481344
5475258
5471008
5467472
5465704
5464582
5465432
5465602
5466180
5466894
5467166
5468458
5468288
5469342
5470056
5470940
5472436
5473728
5475394
5477264
5478760
5481582
5483452
5485730
5488552
5490422
5493176
5495590
5497460
5500282
5502118
5505110
5507898
5507694
5502322
5495454
5487022
5479406
5470430
5462950
5455980
5449928
5445372
5441428
5438504
5436396
5432996
5428542
5423306
5416098
5408414
5400968
5395188
5390224
5386722
5386144
5386892
5388388
5391312
5393930
5398452
5403314
5408516
5414670
5421198
5427352
5434458
5441292
5448160
5454892
5461148
5467710
5470702
5469886
5466758
5461862
5457102
5452240
5448398
5446018
5443230
5442108
5442142
5443774
5445474
5447208
5449248
5450982
5452920
5454246
5455164
5456116
5456762
5458156
5457884
5456898
5456864
5457578
5458190
5458768
5461148
5462882
5464514
5465364
5465092
5466010
5466656
5468118
5469716
5471858
5474612
5476788
5476788
5474612
5472266
5470974
5470498
5470294
5472130
5475462
5477162
5480936
5482976
5485968
5487668
5489742
5490252
5490354
5489232
5486546
5483350
5480800
5479338
5478794
5479678
5480460
5481786
5483588
5485628
5488450
5491510
5495080
5499534
5502900
5505722
5510040
5513984
5517894
5520920
5523844
5524694
5519866
5515174
5509972
5503546
5498242
5492326
5487362
5484574
5482670
5481956
5483690
5486002
5489470
5492632
5495318
5498038
5499738
5501336
5503104
5505756
5507796
5510550
5512318
5515140
5516738
5519492
5521668
5524218
5525714
5528604
5531188
5534044
5536322
5539144
5541150
5544754
5546318
5546148
5542408
5538226
5533602
5528876
5524694
5521090
5518404
5516772
5514018
5512488
5511468
5510788
5510176
5508068
5507864
5505926
5504158
5502798
5501506
5501268
5501506
5501982
5502900
5504056
5506300
5507966
5510210
5512012
5513474
5516262
5519458
5523368
5528570
5534622
5540130
5547678
5553288
5558286
5562094
5563420
5559272
5556008
5551622
5547508
5544958
5543020
5541626
5540912
5541252
5541354
5542272
5543938
5545536
5546352
5547746
5547950
5548426
5550194
5549582
5550262
5551418
5552200
5552404
5554206
5555668
5557028
5558252
5559680
5561788
5564100
5567364
5570968
5572158
5574776
5579706
5584568
5590144
5593204
5592184
5589634
5586472
5580998
5577530
5573552
5570016
5568486
5565596
5564100
5562740
5562128
5561380
5562094
5561482
5562434
5561652
5561516
5561550
5561822
5561992
5562332
5562468
5563216
5564746
5565290
5566480
5568656
5570356
5572158
5574096
5575422
5575864
5576544
5576680
5577530
5577598
5574606
5568248
5557368
5547338
5536866
5526054
5517656
5510074
5504260
5499806
5496134
5494230
5492734
5493788
5494706
5495182
5496236
5497562
5498548
5500282
5500010
5501132
5501030
5504192
5503920
5506232
5509088
5510924
5514460
5517554
5520988
5524490
5527652
5531698
5535744
5539144
5542578
5546760
5549786
5549990
5545502
5538838
5530406
5521804
5513440
5504158
5495760
5488450
5482738
5478726
5475632
5473150
5472096
5471586
5471586
5471246
5469954
5470634
5470158
5471314
5471688
5472606
5473422
5474816
5476414
5478386
5480800
5482364
5484914
5486002
5487804
5489946
5491782
5493550
5495998
5498446
5501234
5503716
5505620
5503818
5498888
5491204
5484200
5478284
5471688
5466962
5463154
5460400
5458836
5458462
5457578
5457714
5458428
5458020
5457476
5456558
5456184
5456898
5456354
5457034
5456830
5458190
5460230
5463018
5464922
5467030
5469512
5471858
5474034
5475564
5477910
5479508
5482126
5484982
5487464
5490150
5492462
5493822
5490626
5483350
5474748
5465840
5456354
5447208
5438164
5431330
5424428
5419396
5415146
5412834
5411338
5410692
5410046
5409060
5408584
5409196
5407122
5406952
5406136
5405354
5404402
5403144
5401920
5400492
5399540
5399948
5399438
5400152
5400390
5400934
5401818
5402600
5404062
5405082
5407020
5407224
5405898
5400118
5391822
5383220
5374244
5364860
5355272
5347724
5340992
5335450
5331438
5328990
5328650
5329840
5330248
5330554
5331030
5329806
5329738
5330044
5331200
5331778
5332866
5333206
5333308
5334396
5334872
5335756
5336980
5338646
5340346
5340788
5344188
5345956
5348608
5352110
5354490
5358026
5362514
5365778
5367104
5364248
5358638
5352518
5346126
5340788
5335144
5329908
5325114
5322564
5321102
5320592
5321646
5323516
5325658
5327494
5330486
5332594
5334634
5337320
5339190
5341264
5344358
5347316
5349866
5353606
5356768
5360134
5363568
5366730
5371422
5374856
5379072
5383050
5386586
5390632
5394814
5399030
5403110
5406918
5410556
5409536
5406136
5401036
5397738
5393930
5391448
5390564
5390428
5392468
5394882
5397466
5399370
5402294
5404198
5406204
5407700
5409060
5410862
5412868
5415010
5417696
5419770
5422932
5425448
5427590
5429970
5432384
5434254
5436430
5438436
5441190
5444216
5446698
5449622
5453022
5456354
5458734
5461828
5463936
5464072
5460298
5455742
5448806
5443264
5437348
5432486
5429494
5426604
5424122
5422728
5422252
5423374
5425516
5428372
5430208
5432248
5434254
5435172
5435546
5437620
5437144
5438402
5441700
5445406
5448874
5453294
5457544
5462474
5467846
5473626
5482160
5490728
5500656
5510006
5519356
5528536
5537172
5544754
5548868
5549174
5546658
5543598
5539484
5535268
5531562
5528944
5525986
5523810
5521600
5520070
5520070
5520852
5522008
5522518
5523232
5523742
5524762
5525544
5526972
5528400
5530270
5532480
5535302
5538260
5540946
5544006
5548222
5551248
5555634
5559442
5563318
5566684
5571342
5574130
5577564
5581304
5585656
5589124
5591334
5591266
5588852
5585724
5580420
5577190
5573484
5569914
5567228
5565800
5564508
5563998
5564372
5566310
5567806
FFFFFFF
FFFFFFF
3373