4797366
4796958
4796040
4795088
4794578
4795666
4796822
4798896
4802024
4806104
4810524
4814740
4819636
4823852
4828306
4833270
4837384
4841838
4847856
4853330
4859314
4864550
4869922
4875464
4881210
4887262
4892736
4899434
4906472
4911300
4917046
4923336
4926634
4924220
4914428
4901406
4887874
4877334
4870126
4864006
4857852
4852242
4849216
4848128
4848400
4848332
4848162
4847312
4848434
4849386
4851902
4853194
4855914
4859586
4862884
4867202
4871146
4875906
4880598
4886140
4890900
4895898
4900828
4906370
4912694
4917896
4923370
4929082
4934420
4940370
4947238
4952508
4958390
4963660
4969474
4975424
4980660
4982360
4976954
4967094
4956418
4947170
4939622
4933264
4927926
4923846
4921160
4920480
4921568
4922316
4922214
4922418
4922826
4923404
4925206
4928266
4931938
4935984
4940506
4945946
4951590
4958084
4963592
4969984
4975764
4982768
4988174
4995076
5001638
5009152
5016156
5024078
5031082
5039446
5047776
5055766
5063314
5069808
5077390
5084462
5091058
5096260
5097722
5094118
5086434
5078580
5072018
5066952
5062634
5058928
5056480
5054372
5053080
5052332
5051516
5051006
5050326
5048966
5048694
5048456
5048490
5049578
5050496
5052400
5054304
5056888
5059030
5061750
5064844
5068584
5071712
5074398
5077492
5080892
5083578
5086400
5090208
5092928
5097008
5100238
5104522
5108194
5112342
5115810
5120026
5120604
5116796
5108534
5097892
5089086
5081232
5075248
5069298
5065456
5062226
5061206
5060798
5060832
5060730
5060594
5059880
5059948
5061002
5062600
5064504
5066952
5068856
5071032
5074330
5076812
5080280
5083068
5086162
5089562
5093064
5097076
5099660
5102312
5105440
5108670
5112308
5115708
5119754
5122814
5127166
5130566
5133830
5138386
5139304
5135598
5126588
5115232
5104522
5095886
5087046
5080484
5074126
5069094
5065660
5063178
5060832
5058826
5056276
5053488
5051278
5049918
5048490
5048796
5048932
5050156
5049340
5051550
5053386
5055154
5057194
5058962
5061750
5063926
5066612
5069468
5072664
5076030
5080654
5084564
5089188
5094050
5098742
5103604
5107990
5112410
5110812
5104794
5093030
5082252
5072834
5064606
5056922
5049578
5043492
5037746
5034992
5032340
5030708
5027478
5024554
5022038
5019658
5018162
5016666
5016666
5018298
5018638
5020474
5020644
5022922
5023942
5024962
5027138
5029280
5031218
5032850
5035706
5037882
5040330
5043662
5045940
5049306
5052876
5056072
5060220
5061988
5060696
5053726
5042404
5031354
5020372
5010852
5001944
4993376
4986100
4979810
4975390
4972262
4970800
4969474
4967910
4966482
4965360
4964884
4964816
4964612
4965802
4966584
4967876
4970018
4971752
4973724
4975322
4977668
4980082
4982938
4985182
4987664
4990044
4993376
4997184
4999326
5001808
5005072
5009186
5012178
5014490
5013776
5006024
4993274
4978416
4965020
4952984
4942002
4932074
4922860
4913272
4906744
4901644
4899808
4899196
4899740
4898992
4896272
4894504
4891172
4889540
4888690
4888384
4890730
4894096
4896204
4899570
4903140
4907934
4912932
4917556
4922452
4926872
4930000
4933468
4936800
4940336
4943226
4947170
4949754
4952440
4954514
4954718
4949686
4937582
4920718
4904160
4889472
4876722
4865842
4857852
4850474
4845204
4842892
4843334
4845952
4848706
4852072
4855064
4858668
4862918
4867780
4872574
4877640
4881040
4886004
4893688
4901236
4908342
4916366
4922486
4929150
4934862
4940710
4945810
4951352
4956112
4961892
4966788
4971786
4976478
4981884
4986984
4991404
4992152
4986338
4975866
4964102
4953256
4944076
4935746
4928708
4921330
4915618
4910824
4908342
4908036
4905690
4903582
4900250
4896748
4893450
4890900
4889030
4887534
4886854
4886072
4887670
4888962
4893586
4898822
4904976
4910892
4916162
4921806
4927280
4931462
4936086
4940268
4943498
4948190
4952746
4957778
4962096
4966210
4970562
4969814
4961620
4948802
4934012
4923778
4913612
4906404
4899162
4893586
4889234
4885902
4884202
4884372
4883896
4882910
4880870
4879408
4879816
4879952
4880904
4883046
4885018
4886888
4889234
4891716
4895082
4898958
4903412
4907390
4912048
4915244
4919766
4924152
4928742
4933502
4938670
4943940
4948768
4953664
4957982
4962300
4966992
4967978
4961246
4948326
4934352
4920004
4907492
4895150
4884916
4875226
4866352
4859620
4856424
4853500
4850508
4848026
4845408
4842960
4839764
4837588
4835922
4834494
4833950
4833100
4832624
4833338
4832794
4832726
4832828
4832454
4833134
4833814
4835072
4835480
4837486
4839288
4840240
4842144
4844422
4847958
4849998
4852786
4855574
4854860
4848026
4834188
4819228
4804676
4791790
4780842
4769928
4760170
4751500
4745516
4740790
4737662
4735282
4732494
4728380
4725864
4723654
4721546
4721682
4722158
4723076
4723926
4724776
4728074
4730794
4734432
4738886
4743578
4748916
4755682
4763298
4770098
4777306
4784616
4792232
4800902
4808654
4815862
4823308
4829156
4834800
4839424
4839254
4830108
4817154
4802976
4792640
4782984
4775504
4767956
4762312
4757008
4754526
4752724
4752656
4752996
4752554
4753030
4754084
4755954
4758946
4761462
4763740
4766630
4770064
4772444
4776932
4780808
4785874
4790566
4794884
4799882
4805560
4810320
4815964
4821846
4827320
4833270
4839288
4845272
4850576
4856084
4861456
4864346
4859586
4848808
4834868
4820996
4809130
4798590
4789070
4780026
4771628
4765406
4761224
4759524
4757382
4756328
4754288
4752758
4752690
4753404
4754526
4754764
4757382
4759932
4763808
4767820
4773430
4778802
4784582
4789818
4795156
4800664
4806274
4810830
4817120
4823104
4828510
4834630
4841362
4846836
4853262
4858872
4865162
4870636
4875192
4874614
4867066
4852990
4839050
4825280
4814910
4805118
4796550
4789206
4783426
4778802
4775674
4774620
4773736
4771968
4770676
4770268
4770200
4772580
4774586
4777884
4780808
4785024
4789070
4793252
4798624
4802806
4808246
4812496
4816746
4821982
4826538
4831638
4836194
4840138
4844320
4848366
4852378
4857478
4862204
4867066
4871792
4877368
4882162
4883896
4879816
4868562
4854826
4841804
4831672
4822764
4814434
4806852
4801072
4796822
4794952
4795156
4795632
4796380
4795904
4796380
4796278
4797740
4799576
4802602
4806240
4810286
4814400
4818888
4823546
4827456
4831672
4836228
4841226
4845408
4850746
4856254
4861354
4866488
4872710
4877572
4883012
4889166
4894878
4900998
4907220
4913408
4919630
4924424
4923948
4916094
4903344
4891172
4880326
4870704
4863156
4855064
4847550
4842008
4837894
4836636
4836194
4835786
4835854
4835310
4835888
4837282
4837962
4840920
4843946
4847720
4851358
4856492
4860742
4865808
4871044
4876518
4880802
4886684
4892090
4897734
4903242
4908138
4914122
4919630
4925886
4931802
4938092
4944450
4950808
4956622
4963116
4969542
4972126
4968284
4958118
4947000
4935440
4926056
4918848
4911844
4905078
4898414
4894028
4890968
4890050
4889438
4888928
4888384
4888894
4889132
4890900
4892634
4894674
4897598
4901644
4905554
4909396
4913748
4917998
4922962
4927654
4932448
4937684
4942818
4948020
4953120
4958832
4963966
4969338
4974982
4981272
4986814
4993138
4998748
5004766
5010376
5015680
5020032
5019590
5012926
5001196
4989942
4980048
4971208
4963864
4957336
4950876
4945912
4941798
4940404
4940098
4940166
4939656
4938772
4939112
4940098
4941594
4943770
4946422
4949890
4953732
4957302
4960532
4965360
4969814
4974404
4979436
4983414
4988616
4993138
4998340
5003610
5008744
5015272
5019590
5025132
5030640
5037066
5042744
5049034
5055188
5060968
5066204
5071542
5072664
5067768
5058826
5048286
5040262
5033938
5028566
5023296
5019250
5016020
5014524
5014898
5015884
5017244
5017414
5017686
5019182
5020032
5022888
5025880
5029042
5032374
5036080
5041282
5044342
5049272
5054338
5059438
5064436
5069536
5074772
5080178
5084870
5090820
5095580
5100850
5105984
5111662
5116660
5122576
5128186
5134102
5139032
5144642
5150252
5153720
5153414
5147498
5138114
5129750
5122032
5115368
5110404
5106086
5101938
5099116
5097450
5097382
5097382
5098096
5097518
5097552
5097824
5098232
5100340
5101768
5103808
5106936
5109248
5112580
5116490
5119006
5123562
5127302
5131110
5135020
5138760
5143282
5146750
5151238
5156066
5159636
5164532
5169496
5173712
5179628
5183912
5188094
5193296
5197886
5202170
5203190
5200436
5193194
5183130
5174018
5166708
5160690
5154536
5149674
5145458
5141922
5140426
5140562
5140868
5140800
5140494
5140630
5140460
5142364
5143316
5145730
5148620
5151068
5154740
5157902
5161132
5164498
5168510
5172250
5176432
5180342
5184592
5188264
5192514
5196594
5200810
5204176
5208698
5213492
5218864
5223658
5228928
5233654
5239400
5243888
5245384
5242698
5235354
5227228
5220428
5214920
5210942
5208562
5206284
5204890
5205298
5206080
5207168
5208460
5209650
5210942
5212268
5214410
5216994
5220020
5223114
5226310
5230186
5233926
5238482
5242120
5247118
5251606
5256196
5260888
5265444
5269456
5274250
5278398
5282478
5287136
5290740
5295704
5300498
5304748
5308658
5313214
5316512
5319980
5320150
5317124
5310392
5302028
5293154
5285538
5278568
5272278
5266906
5262350
5258712
5257046
5256264
5255958
5254462
5252694
5251606
5251402
5252014
5252320
5253238
5255652
5256876
5258814
5259868
5262690
5264390
5267178
5269388
5272142
5274760
5277990
5280506
5282614
5286558
5288462
5291148
5294208
5296860
5300600
5303456
5306482
5308896
5311242
5309576
5304850
5295636
5285572
5275916
5267892
5260786
5255040
5249090
5244228
5240658
5238040
5236204
5234606
5232770
5230900
5229472
5228350
5227160
5227058
5227704
5229098
5230492
5231682
5233722
5236170
5237836
5240420
5243038
5245350
5247628
5249770
5252490
5254802
5257522
5260684
5263710
5267688
5271054
5275032
5277786
5282274
5284484
5283430
5279010
5269014
5258406
5248342
5240284
5232090
5225154
5219136
5214648
5210840
5209310
5207338
5205774
5204754
5202748
5201728
5201388
5202000
5202714
5204006
5205842
5208052
5209378
5211214
5213900
5216110
5218728
5221822
5225392
5228350
5231716
5234368
5237326
5240250
5243582
5247288
5251470
5255958
5260140
5263812
5267212
5269388
5267994
5260174
5249158
5238516
5228248
5219238
5210874
5203836
5197886
5191664
5188910
5185714
5182756
5181056
5177758
5175616
5173440
5172998
5172352
5173032
5174596
5176432
5178506
5180138
5182280
5183674
5185374
5188434
5190406
5193568
5195948
5198668
5202442
5205128
5208902
5212268
5216348
5221142
5224712
5228792
5233144
5237020
5237802
5235252
5226786
5214580
5203666
5194418
5187244
5180036
5173984
5169530
5165994
5164940
5164158
5163376
5162526
5162050
5161506
5161506
5161234
5163172
5165212
5166980
5170006
5172828
5175616
5179526
5182994
5187210
5190814
5194078
5198532
5201898
5205706
5210160
5214036
5218286
5222162
5227092
5231784
5235592
5240794
5244568
5246676
5246200
5239672
5228452
5216926
5205638
5196696
5189114
5181192
5175650
5170176
5167116
5165994
5164872
5164022
5163002
5162254
5162458
5161574
5163308
5164328
5167014
5169224
5172420
5175276
5178574
5181974
5185306
5189454
5192480
5195948
5199042
5202340
5206216
5210330
5213288
5217742
5222366
5226514
5231138
5235116
5239502
5241338
5238108
5230866
5218456
5206318
5194860
5185850
5177350
5170176
5163546
5157698
5154944
5153414
5151850
5150422
5148552
5146410
5144608
5144574
5144336
5145118
5146580
5147498
5149640
5152122
5154094
5157052
5160214
5163818
5166538
5170686
5174664
5178064
5181838
5185986
5189556
5193976
5198022
5201932
5205944
5209378
5212778
5211724
5205638
5192242
5177758
5162764
5149946
5138046
5127370
5118564
5111424
5106358
5102176
5100442
5097042
5094730
5092316
5090276
5089392
5089868
5090446
5094152
5096226
5099048
5100782
5102108
5104250
5105542
5108976
5112886
5115912
5118564
5120672
5124174
5126146
5129444
5133524
5136414
5139508
5142194
5143724
5146172
5146172
5140902
5128594
5112614
5096464
5081130
5066000
5052706
5040908
5030606
5021392
5014966
5010988
5007350
5003440
4999870
4996844
4994872
4994192
4993546
4993138
4994294
4994396
4994294
4995280
4996198
4997796
5000856
5005412
5008948
5011872
5015170
5019998
5023942
5029824
5036420
5044070
5050020
5052774
5051006
5047810
5043050
5035468
5020134
4998408
4975254
4954344
4936970
4921262
4908308
4895830
4883250
4875056
4870874
4869106
4869684
4868766
4867474
4867542
4867304
4868936
4869072
4870126
4870126
4872676
4874512
4878286
4879918
4881924
4882740
4883488
4884848
4885086
4886752
4888792
4891070
4892770
4894232
4896612
4898142
4899706
4902902
4906438
4909362
4905316
4891954
4873832
4855098
4837316
4822118
4809198
4797774
4788186
4779346
4775028
4772070
4770948
4770302
4768602
4768500
4768160
4767752
4768092
4769282
4770880
4773464
4775946
4778972
4781454
4784854
4789138
4793456
4798114
4803486
4809130
4814468
4820758
4827524
4833542
4840478
4846530
4850950
4854214
4858090
4857342
4851936
4838778
4819806
4799984
4783324
4767446
4753472
4739838
4726714
4716480
4707980
4703798
4699514
4697644
4693734
4690130
FFFFFFF
FFFFFFF
3363